.__C__awele.class <-
<S4 object of class structure("classRepresentation", package = "methods")>
.__C__dataSupp <-
<S4 object of class structure("classRepresentation", package = "methods")>
.__C__infant <-
<S4 object of class structure("classRepresentation", package = "methods")>
.__C__track <-
<S4 object of class structure("classRepresentation", package = "methods")>
.__C__trackCurve <-
<S4 object of class structure("classRepresentation", package = "methods")>
.Random.seed <-
c(403L, 507L, 38243413L, -306283958L, 26493798L, -2145371199L, 
-742720178L, -830647267L, 710003813L, -1209603458L, 1785151856L, 
1639829893L, -1058558205L, 1493777208L, -494043922L, 149820050L, 
1721781020L, -451186330L, -744831923L, -100614638L, 1253253017L, 
487200177L, 143536497L, 1126373618L, 1587729167L, -1142566495L, 
-787663553L, -2034988203L, 133662413L, -1115241964L, 1694890243L, 
426827512L, 749319216L, 1569341115L, 1434098764L, 982278964L, 
-1475526398L, -1153153048L, 1808312827L, 1444263353L, 1261981379L, 
-206915666L, -492800715L, -1371878999L, 222312927L, 834493484L, 
50446159L, -1926380812L, -280833201L, 1497677848L, 1993718822L, 
1872147852L, 660318583L, 1762966939L, -1995765564L, -387339821L, 
-906500535L, 854173641L, 1537639563L, -1477398340L, 1668302763L, 
793896043L, 777048574L, 921442656L, -943073664L, -1192938833L, 
-657099723L, -537857018L, 1252651275L, 576528165L, -443225513L, 
-431651692L, 392268752L, -457238596L, 905870622L, -1364289770L, 
1061614290L, 1477542982L, -102698123L, 131116365L, -454519483L, 
-993455082L, 1748416431L, 1367381879L, 2096272155L, 1932996464L, 
2026163300L, -1609543632L, 1145771555L, -663647688L, 1272359140L, 
-744903990L, 734858384L, -814802570L, -600084380L, -411818892L, 
1801715089L, 758194160L, -984372722L, -1416573664L, -351027315L, 
-1384030964L, -1571473551L, -1140277106L, 1703793973L, -736209502L, 
1422633971L, -150125816L, 792563415L, -550321162L, 725837734L, 
207212178L, 1187550915L, 1634642214L, -1835956924L, -1933319072L, 
-804733530L, 1865090540L, 1255779828L, 838858712L, -1166204580L, 
2146530985L, -1149071696L, 2061170944L, -1717589459L, 1013248987L, 
-1242906716L, -975189526L, 81672118L, 715338361L, -1729196023L, 
-1475744535L, -537214522L, 629610716L, -464449367L, -519487655L, 
-1889532516L, 1318920660L, 1716050872L, -1324544600L, -284861157L, 
1393995966L, -1177110725L, 2102084055L, -1179571081L, 228856510L, 
-584488297L, -788939702L, 1541010457L, -926148271L, -1399003191L, 
-21644598L, -128161357L, -1384345015L, 652913911L, -1670957390L, 
-401065542L, 1581816190L, -1937835179L, 1612275437L, 1247858286L, 
-642442646L, 353025283L, 1291915490L, -1960881500L, -1562552801L, 
838819336L, -1085675532L, -1114311041L, 719461073L, -1819690044L, 
259292381L, -1672776394L, 1472441030L, 202770270L, -1140782682L, 
1443428166L, -1148826L, -973459759L, -1189583112L, 1469247891L, 
1365696759L, 495463419L, -1525294029L, -580934223L, 1806823112L, 
1830580680L, 1000487720L, -1735482362L, -1339643504L, 740011729L, 
1735672983L, -1032611226L, 65871975L, 626338039L, -1333875178L, 
-2147083147L, -105653873L, 922073856L, -1907776654L, -1170373496L, 
1792685833L, 558879545L, -832599081L, 1000887462L, -1540270668L, 
1665006386L, 2115952103L, 1501159772L, 456817011L, -1868610608L, 
-1646344694L, 549904837L, -1171320310L, 1772986063L, 786354205L, 
1312935399L, -2030742913L, -1900796483L, 859876757L, 1156198992L, 
-1043727245L, 1373573190L, -184073131L, 927728399L, 2103064980L, 
-123889214L, -1306148078L, -1238409948L, -918963455L, -1115420641L, 
-1879679828L, 1090286936L, 881518227L, 759428012L, 424047296L, 
-1146188573L, -1932951174L, 2072907920L, 91628847L, -1319539275L, 
-1060733724L, -1724944262L, 125387696L, 1927919707L, 520410593L, 
-825781380L, 997113083L, -849130982L, 1534883239L, 234078771L, 
-484512374L, 1581654154L, -481450740L, 645541767L, -1904049577L, 
-363459540L, 2098837875L, -1131438525L, -410672124L, 1811175109L, 
1595712059L, 826195930L, 2104883245L, 1446973409L, -2131972565L, 
-1649590775L, -1870652710L, 2088574676L, 453287529L, -108231252L, 
1007005203L, -1461674132L, -1661885440L, 426288560L, -152018563L, 
-1635785233L, 1303477251L, 2004051525L, 1183235329L, -1477490217L, 
-1247226635L, 95088285L, -1420541527L, -1149123068L, 723495587L, 
-414336492L, -2108008713L, 1817470829L, -1514784456L, 487893131L, 
1732089002L, 247707955L, -1348420997L, 1029209803L, -624522015L, 
-1611405734L, 191625789L, -641914717L, -1370609284L, -829922278L, 
598481911L, 448348069L, -1544457216L, -422925921L, 1222185228L, 
-1999345765L, 1812317507L, -851720361L, 1512488136L, 661793127L, 
262935845L, -1981550165L, -973638783L, 999471796L, 1071810935L, 
810470311L, 676524752L, 252942794L, -940115566L, -242225194L, 
1538734444L, -449158362L, 1036770964L, 452723294L, 1900806213L, 
-621637195L, -256034433L, 571097792L, -296129247L, 1070221818L, 
230888082L, -2003459477L, 1614540693L, -1723909181L, -1023335516L, 
-197290810L, 932066658L, 327820113L, 1703647624L, 370912010L, 
-221041950L, 423760298L, -1354091832L, -582104660L, -1573815081L, 
-2076982370L, 1896088570L, -303945173L, 1355725700L, 1176628098L, 
947363490L, -293794409L, -1269775797L, 284363215L, 855667824L, 
-2143203758L, -2072303505L, 445622592L, 1313900052L, -187616145L, 
-1836441936L, 555075085L, 1927098531L, 766753300L, -1632501470L, 
1474906997L, 532121250L, 1183626893L, 131753449L, -602997140L, 
82209566L, 1403897005L, -1958223581L, -929069482L, -2015077837L, 
371172781L, 1748963753L, 709977040L, -583619814L, -1227680957L, 
-77549847L, 2027246673L, 1720281169L, -888569837L, 1626341129L, 
111598980L, -74207845L, 244854886L, -24696362L, 2143716753L, 
1582611965L, 1835138440L, -735767173L, -1163024500L, -942118492L, 
996412745L, -920169402L, 1927482498L, -897304010L, -1838565853L, 
1445062596L, 91054805L, 1911702862L, 1492977826L, -200252342L, 
-46578215L, -1191131650L, 1388803375L, -1163951110L, -1043618571L, 
642988521L, -554377025L, -2034464759L, 1405322138L, 1935963622L, 
917650115L, -268691265L, -1886321981L, -1664319260L, -390899235L, 
-880638645L, 179911162L, 1614378121L, -1389124568L, 1987822656L, 
1316214133L, -1070992907L, 1204393175L, 253834162L, -758226667L, 
-1516477977L, -1271518891L, -972720367L, 1389793095L, -958912055L, 
-918513150L, 1790211556L, -1095411635L, -1231394146L, 1792656288L, 
-1779421490L, -1661902356L, -952178206L, -1179730562L, 862394077L, 
1569413L, 1684701195L, -43436307L, -418733597L, -1766088737L, 
1022278320L, 443810361L, -2118749201L, -807744681L, -1561723333L, 
-1669357379L, 1718425762L, -1632166151L, 1885632938L, 1482362441L, 
1212516739L, -1441195065L, 2058170793L, 523762136L, -78516805L, 
-2023874676L, -2110508533L, -588278690L, 631150359L, -824435189L, 
-632788249L, -895947242L, -937943079L, -1875284124L, -1197385444L, 
-699188314L, 13796280L, 1410455954L, -285941364L, 1549631209L, 
-459009331L, 475392658L, 1098342510L, 1365039362L, -1472821339L, 
-1528982000L, 203004925L, 2043598972L, 1496398973L, 1503317773L, 
-734119337L, 1006785L, -1150592290L, -1751603744L, 1515564779L, 
-746087702L, -584607385L, -179932627L, -1200278842L, 1143565723L, 
-701356950L, -1015706280L, 197969648L, 640985799L, 299531111L, 
776588953L, -351717682L, -1081498362L, -1394411667L, 1041115865L, 
-595546249L, 1856002957L, -1878439574L, 2070274580L, 1091352237L, 
-1659973195L, -1688368576L, 252074796L, -1472293395L, 2062596002L, 
320772887L, 841782846L, 437171297L, -2137192131L, -2147164018L, 
973116760L, 1491781313L, -1110990155L, 318902050L, 1806280371L, 
-782804055L, 1928456842L, 574147664L, -1513395620L, -341569045L, 
937465128L, -1946356311L, -155572065L, 516860679L, -1808973697L, 
933619694L, 209381459L, -1721809483L, -435242514L, -463719233L, 
1421377253L, -1226860443L, -1011163115L, 357615821L, 1243686829L, 
1885562866L, 1459028156L, -54298205L, -877233096L, -56221737L, 
-1287441118L, 1265964951L, -1945803690L, -1459223310L, 2133611680L, 
-1576017479L, 572424671L, 1267892807L, -1612281410L, -1156245633L, 
